# transform file /home/amit3/DATA/FS_DIR/subjects/0FS741/ICBM2009cNolinAsym/mri/transforms/cc_up.lta
# created by amit3 on Wed Jan  8 19:38:05 2025

type      = 0 # LINEAR_VOX_TO_VOX
nxforms   = 1
mean      = 128.0000 143.0000 129.0000
sigma     = 10000.0000
1 4 4
9.999436140060425e-01 7.115693762898445e-03 -7.894086651504040e-03 -4.404184222221375e-01 
-7.115472108125687e-03 9.999747872352600e-01 5.617332135443576e-05 9.910946846008301e+00 
7.894285954535007e-03 -3.637979240772582e-12 9.999688863754272e-01 2.988819599151611e+00 
0.000000000000000e+00 0.000000000000000e+00 0.000000000000000e+00 1.000000000000000e+00 
src volume info
valid = 1  # volume info valid
filename = /home/amit3/DATA/FS_DIR/subjects/0FS741/ICBM2009cNolinAsym/mri/norm.mgz
volume = 256 256 256
voxelsize = 1.000000000000000e+00 1.000000000000000e+00 1.000000000000000e+00
xras   = -1.000000000000000e+00 0.000000000000000e+00 0.000000000000000e+00
yras   = 0.000000000000000e+00 0.000000000000000e+00 -1.000000000000000e+00
zras   = 0.000000000000000e+00 1.000000000000000e+00 0.000000000000000e+00
cras   = 5.000000000000000e-01 -1.750000000000000e+01 1.850000000000000e+01
dst volume info
valid = 1  # volume info valid
filename = /home/amit3/DATA/FS_DIR/subjects/0FS741/ICBM2009cNolinAsym/mri/norm.mgz
volume = 256 256 256
voxelsize = 1.000000000000000e+00 1.000000000000000e+00 1.000000000000000e+00
xras   = -1.000000000000000e+00 0.000000000000000e+00 0.000000000000000e+00
yras   = 0.000000000000000e+00 0.000000000000000e+00 -1.000000000000000e+00
zras   = 0.000000000000000e+00 1.000000000000000e+00 0.000000000000000e+00
cras   = 5.000000000000000e-01 -1.750000000000000e+01 1.850000000000000e+01
