# transform file /home/neurosign/FS_SUBS_DIR/fs741/NIHPD_75_135/mri/transforms/cc_up.lta
# created by neurosign on Mon May 11 10:56:59 2026

type      = 0 # LINEAR_VOX_TO_VOX
nxforms   = 1
mean      = 128.0000 145.0000 129.0000
sigma     = 10000.0000
1 4 4
9.999687075614929e-01 -2.069526817649603e-03 -7.637040223926306e-03 8.531118631362915e-01 
2.069466514512897e-03 9.999979138374329e-01 -1.580509342602454e-05 2.736596584320068e+00 
7.637056522071362e-03 0.000000000000000e+00 9.999708533287048e-01 -4.976878643035889e+00 
0.000000000000000e+00 0.000000000000000e+00 0.000000000000000e+00 1.000000000000000e+00 
src volume info
valid = 1  # volume info valid
filename = /home/neurosign/FS_SUBS_DIR/fs741/NIHPD_75_135/mri/norm.mgz
volume = 256 256 256
voxelsize = 1.000000000000000e+00 1.000000000000000e+00 1.000000000000000e+00
xras   = -1.000000000000000e+00 0.000000000000000e+00 0.000000000000000e+00
yras   = 0.000000000000000e+00 0.000000000000000e+00 -1.000000000000000e+00
zras   = 0.000000000000000e+00 1.000000000000000e+00 0.000000000000000e+00
cras   = 5.000000000000000e-01 -1.750000000000000e+01 2.250000000000000e+01
dst volume info
valid = 1  # volume info valid
filename = /home/neurosign/FS_SUBS_DIR/fs741/NIHPD_75_135/mri/norm.mgz
volume = 256 256 256
voxelsize = 1.000000000000000e+00 1.000000000000000e+00 1.000000000000000e+00
xras   = -1.000000000000000e+00 0.000000000000000e+00 0.000000000000000e+00
yras   = 0.000000000000000e+00 0.000000000000000e+00 -1.000000000000000e+00
zras   = 0.000000000000000e+00 1.000000000000000e+00 0.000000000000000e+00
cras   = 5.000000000000000e-01 -1.750000000000000e+01 2.250000000000000e+01
