# transform file transforms/talairach.lta
# created by neurosign on Mon May 11 00:19:59 2026

type      = 0 # LINEAR_VOX_TO_VOX
nxforms   = 1
mean      = 128.0000 145.0000 130.0000
sigma     = 10000.0000
1 4 4
9.624565839767456e-01 -5.425958335399628e-02 -1.575708040036261e-03 1.005116558074951e+01 
5.394530668854713e-02 9.616880416870117e-01 8.420638740062714e-03 -2.507905006408691e+01 
-1.177527708932757e-03 -7.196426391601562e-03 9.587935805320740e-01 -1.125652790069580e+01 
0.000000000000000e+00 0.000000000000000e+00 0.000000000000000e+00 1.000000000000000e+00 
src volume info
valid = 1  # volume info valid
filename = nu.mgz
volume = 256 256 256
voxelsize = 1.000000000000000e+00 1.000000000000000e+00 1.000000000000000e+00
xras   = -1.000000000000000e+00 0.000000000000000e+00 0.000000000000000e+00
yras   = 0.000000000000000e+00 0.000000000000000e+00 -1.000000000000000e+00
zras   = 0.000000000000000e+00 1.000000000000000e+00 0.000000000000000e+00
cras   = 5.000000000000000e-01 -1.750000000000000e+01 2.250000000000000e+01
dst volume info
valid = 1  # volume info valid
filename = /home/neurosign/Softwares/FreeSurf/fs741/freesurfer/average/RB_all_2020-01-02.gca
volume = 256 256 256
voxelsize = 1.000000000000000e+00 1.000000000000000e+00 1.000000000000000e+00
xras   = -1.000000000000000e+00 0.000000000000000e+00 0.000000000000000e+00
yras   = 0.000000000000000e+00 0.000000000000000e+00 -1.000000000000000e+00
zras   = 0.000000000000000e+00 1.000000000000000e+00 0.000000000000000e+00
cras   = 0.000000000000000e+00 0.000000000000000e+00 0.000000000000000e+00
