# transform file transforms/talairach_with_skull.lta
# created by neurosign on Mon May 11 00:17:59 2026

type      = 0 # LINEAR_VOX_TO_VOX
nxforms   = 1
mean      = 128.0000 139.0000 131.0000
sigma     = 10000.0000
1 4 4
9.650806188583374e-01 -2.651494741439819e-02 -3.086863458156586e-02 8.911990165710449e+00 
2.392552047967911e-02 1.055728316307068e+00 -4.059909284114838e-02 -2.564358901977539e+01 
3.127196431159973e-02 4.205538332462311e-02 9.464584589004517e-01 -2.224206924438477e+01 
0.000000000000000e+00 0.000000000000000e+00 0.000000000000000e+00 1.000000000000000e+00 
src volume info
valid = 1  # volume info valid
filename = nu.mgz
volume = 256 256 256
voxelsize = 1.000000000000000e+00 1.000000000000000e+00 1.000000000000000e+00
xras   = -1.000000000000000e+00 0.000000000000000e+00 0.000000000000000e+00
yras   = 0.000000000000000e+00 0.000000000000000e+00 -1.000000000000000e+00
zras   = 0.000000000000000e+00 1.000000000000000e+00 0.000000000000000e+00
cras   = 5.000000000000000e-01 -1.750000000000000e+01 2.250000000000000e+01
dst volume info
valid = 1  # volume info valid
filename = /home/neurosign/Softwares/FreeSurf/fs741/freesurfer/average/RB_all_withskull_2020_01_02.gca
volume = 256 256 256
voxelsize = 1.000000000000000e+00 1.000000000000000e+00 1.000000000000000e+00
xras   = -1.000000000000000e+00 0.000000000000000e+00 0.000000000000000e+00
yras   = 0.000000000000000e+00 0.000000000000000e+00 -1.000000000000000e+00
zras   = 0.000000000000000e+00 1.000000000000000e+00 0.000000000000000e+00
cras   = 0.000000000000000e+00 0.000000000000000e+00 0.000000000000000e+00
